UNITS=MM
#
#Component attribute names
#
@0 .comp_mount_type
@1 .comp_height

# CMP 0
CMP 1 66.00000008 22.50000072 180 N BTB2 BTB_0.8mm_60Pin_Father ;0=1,1=0.0000
TOP 0 68.16000084 10.90000106 0 N 97 4 1
TOP 1 68.16000084 11.69999946 0 N 96 3 2
TOP 2 68.16000084 12.5000004 0 N 30 3 3
TOP 3 68.16000084 13.30000134 0 N 104 1 4
TOP 4 68.16000084 14.09999974 0 N 105 0 5
TOP 5 68.16000084 14.90000068 0 N 51 1 6
TOP 6 68.16000084 15.70000162 0 N 50 3 7
TOP 7 68.16000084 16.50000002 0 N 49 1 8
TOP 8 68.16000084 17.30000096 0 N 110 0 9
TOP 9 68.16000084 18.1000019 0 N 27 2 10
TOP 10 68.16000084 18.9000003 0 N 35 1 11
TOP 11 68.16000084 19.6999987 0 N 26 2 12
TOP 12 68.16000084 20.50000218 0 N 31 0 13
TOP 13 68.16000084 21.30000058 0 N 62 2 14
TOP 14 68.16000084 22.09999898 0 N 63 2 15
TOP 15 68.16000084 22.89999992 0 N 82 1 16
TOP 16 68.16000084 23.70000086 0 N 81 2 17
TOP 17 68.16000084 24.49999926 0 N 64 1 18
TOP 18 68.16000084 25.3000002 0 N 109 0 19
TOP 19 68.16000084 26.10000114 0 N 69 3 20
TOP 20 68.16000084 26.89999954 0 N 68 1 21
TOP 21 68.16000084 27.70000048 0 N 67 2 22
TOP 22 68.16000084 28.50000142 0 N 79 1 23
TOP 23 68.16000084 29.29999982 0 N 66 0 24
TOP 24 68.16000084 30.10000076 0 N 80 2 25
TOP 25 68.16000084 30.9000017 0 N 65 1 26
TOP 26 68.16000084 31.7000001 0 N 108 2 27
TOP 27 68.16000084 32.50000104 0 N 0 0 28
TOP 28 68.16000084 33.29999944 0 N 200 2 29
TOP 29 68.16000084 34.10000038 0 N 200 3 30
TOP 30 63.84000186 34.0999953 0 N 199 129 31
TOP 31 63.84000186 33.2999969 0 N 199 128 32
TOP 32 63.84000186 32.49999596 0 N 6 3 33
TOP 33 63.84000186 31.69999502 0 N 70 3 34
TOP 34 63.84000186 30.89999662 0 N 71 2 35
TOP 35 63.84000186 30.09999568 0 N 78 1 36
TOP 36 63.84000186 29.29999474 0 N 72 1 37
TOP 37 63.84000186 28.49999634 0 N 77 3 38
TOP 38 63.84000186 27.6999954 0 N 89 2 39
TOP 39 63.84000186 26.89999446 0 N 107 2 40
TOP 40 63.84000186 26.09999606 0 N 90 1 41
TOP 41 63.84000186 25.29999766 0 N 91 2 42
TOP 42 63.84000186 24.49999418 0 N 106 2 43
TOP 43 63.84000186 23.69999578 0 N 92 2 44
TOP 44 63.84000186 22.89999738 0 N 76 3 45
TOP 45 63.84000186 22.09999644 0 N 93 0 46
TOP 46 63.84000186 21.2999955 0 N 94 1 47
TOP 47 63.84000186 20.4999971 0 N 75 1 48
TOP 48 63.84000186 19.69999616 0 N 95 2 49
TOP 49 63.84000186 18.89999522 0 N 74 0 50
TOP 50 63.84000186 18.09999682 0 N 73 3 51
TOP 51 63.84000186 17.29999588 0 N 56 2 52
TOP 52 63.84000186 16.49999494 0 N 55 2 53
TOP 53 63.84000186 15.69999654 0 N 88 1 54
TOP 54 63.84000186 14.8999956 0 N 87 1 55
TOP 55 63.84000186 14.09999466 0 N 54 3 56
TOP 56 63.84000186 13.29999626 0 N 53 1 57
TOP 57 63.84000186 12.49999532 0 N 52 1 58
TOP 58 63.84000186 11.69999692 0 N 86 1 59
TOP 59 63.84000186 10.89999598 0 N 85 3 60
#
# CMP 1
CMP 1 6.0000007 22.50000072 180 N BTB1 BTB_0.8mm_60Pin_Father ;0=1,1=0.0000
TOP 0 8.16000146 10.90000106 0 N 116 1 1
TOP 1 8.16000146 11.69999946 0 N 117 3 2
TOP 2 8.16000146 12.5000004 0 N 2 2 3
TOP 3 8.16000146 13.30000134 0 N 37 4 4
TOP 4 8.16000146 14.09999974 0 N 121 2 5
TOP 5 8.16000146 14.90000068 0 N 17 0 6
TOP 6 8.16000146 15.70000162 0 N 18 2 7
TOP 7 8.16000146 16.50000002 0 N 19 2 8
TOP 8 8.16000146 17.30000096 0 N 120 2 9
TOP 9 8.16000146 18.1000019 0 N 20 3 10
TOP 10 8.16000146 18.9000003 0 N 21 2 11
TOP 11 8.16000146 19.6999987 0 N 119 1 12
TOP 12 8.16000146 20.50000218 0 N 36 1 13
TOP 13 8.16000146 21.30000058 0 N 32 2 14
TOP 14 8.16000146 22.09999898 0 N 22 3 15
TOP 15 8.16000146 22.89999992 0 N 23 2 16
TOP 16 8.16000146 23.70000086 0 N 84 1 17
TOP 17 8.16000146 24.49999926 0 N 83 2 18
TOP 18 8.16000146 25.3000002 0 N 38 2 19
TOP 19 8.16000146 26.10000114 0 N 39 2 20
TOP 20 8.16000146 26.89999954 0 N 125 2 21
TOP 21 8.16000146 27.70000048 0 N 40 2 22
TOP 22 8.16000146 28.50000142 0 N 124 3 23
TOP 23 8.16000146 29.29999982 0 N 41 3 24
TOP 24 8.16000146 30.10000076 0 N 103 2 25
TOP 25 8.16000146 30.9000017 0 N 42 3 26
TOP 26 8.16000146 31.7000001 0 N 43 3 27
TOP 27 8.16000146 32.50000104 0 N 102 3 28
TOP 28 8.16000146 33.29999944 0 N 101 4 29
TOP 29 8.16000146 34.10000038 0 N 194 69 30
TOP 30 3.84000248 34.0999953 0 N 193 4 31
TOP 31 3.84000248 33.2999969 0 N 0 1 32
TOP 32 3.84000248 32.49999596 0 N 58 1 33
TOP 33 3.84000248 31.69999502 0 N 59 0 34
TOP 34 3.84000248 30.89999662 0 N 45 2 35
TOP 35 3.84000248 30.09999568 0 N 122 2 36
TOP 36 3.84000248 29.29999474 0 N 123 2 37
TOP 37 3.84000248 28.49999634 0 N 44 2 38
TOP 38 3.84000248 27.6999954 0 N 100 1 39
TOP 39 3.84000248 26.89999446 0 N 57 0 40
TOP 40 3.84000248 26.09999606 0 N 46 2 41
TOP 41 3.84000248 25.29999766 0 N 99 1 42
TOP 42 3.84000248 24.49999418 0 N 98 2 43
TOP 43 3.84000248 23.69999578 0 N 47 3 44
TOP 44 3.84000248 22.89999738 0 N 48 3 45
TOP 45 3.84000248 22.09999644 0 N 118 2 46
TOP 46 3.84000248 21.2999955 0 N 111 3 47
TOP 47 3.84000248 20.4999971 0 N 112 0 48
TOP 48 3.84000248 19.69999616 0 N 113 2 49
TOP 49 3.84000248 18.89999522 0 N 34 3 50
TOP 50 3.84000248 18.09999682 0 N 33 2 51
TOP 51 3.84000248 17.29999588 0 N 29 2 52
TOP 52 3.84000248 16.49999494 0 N 28 0 53
TOP 53 3.84000248 15.69999654 0 N 115 1 54
TOP 54 3.84000248 14.8999956 0 N 24 1 55
TOP 55 3.84000248 14.09999466 0 N 25 1 56
TOP 56 3.84000248 13.29999626 0 N 114 3 57
TOP 57 3.84000248 12.49999532 0 N 60 0 58
TOP 58 3.84000248 11.69999692 0 N 61 1 59
TOP 59 3.84000248 10.89999598 0 N 199 130 60
#
